            40          425         480         540         595         650         705
10          0.051       0.050       0.0465      0.0425      0.0382      0.0335      0.0297
20          0.036       0.0345      0.0315      0.0284      0.025       0.0217      0.0186
40          0.0263      0.0246      0.0222      0.0197      0.017       0.0146      0.0123
100         0.018       0.0164      0.0146      0.0128      0.011       0.0093      0.0077
200         0.0142      0.0125      0.011       0.0096      0.0082      0.0069      0.0057
400         0.0113      0.00965     0.00845     0.00735     0.0063      0.00525     0.00443
1000        0.00845     0.00725     0.0063      0.0055      0.0047      0.00385     0.00333
2000        0.0067      0.0059      0.0051      0.0045      0.0038      0.00315     0.00276
4000        0.00545     0.00485     0.00420     0.00373     0.0032      0.00263     0.0023
10000       0.0043      0.00385     0.00335     0.00298     0.0026      0.00215     0.00185
20000       0.0037      0.0033      0.0029      0.00256     0.00226     0.00187     0.00158
40000       0.0032      0.00287     0.00254     0.00224     0.00197     0.00162     0.00138
100000      0.00272     0.00242     0.00213     0.00188     0.00164     0.0014      0.00117
200000      0.0024      0.00215     0.0019      0.00167     0.00145     0.00123     0.00105
400000      0.00215     0.00192     0.0017      0.0015      0.0013      0.0011      0.00094
1000000     0.0019      0.00169     0.00149     0.0013      0.00112     0.00098     0.00084


# data validated 03-08-2017 by Andrea Rovinelli
