            40          425         480         650         705
10          0.0507      0.0438      0.0378      0.0318      0.0214
20          0.0357      0.0318      0.0251      0.0208      0.0149
40          0.026       0.0233      0.0181      0.0148      0.0105
100         0.0177      0.0159      0.0123      0.00974     0.00711
200         0.0139      0.0125      0.00961     0.00744     0.00551
400         0.0110      0.00956     0.00761     0.00574     0.00431
1000        0.00818     0.00716     0.00571     0.00424     0.00328
2000        0.00643     0.00581     0.00466     0.00339     0.00268
4000        0.00518     0.00476     0.00381     0.00279     0.00226
10000       0.00403     0.00376     0.00301     0.00221     0.00186
20000       0.00343     0.00316     0.00256     0.00186     0.00162
40000       0.00293     0.00273     0.00221     0.00161     0.00144
100000      0.00245     0.00226     0.00182     0.00136     0.00121
200000      0.00213     0.00196     0.00159     0.00121     0.00108
400000      0.00188     0.00173     0.00139     0.00109     0.000954
1000000     0.00163     0.00151     0.00118     0.000963    0.000834


# data validated 03-09-2017 by Andrea Rovinelli
