            425         540         650         760
10          0.0500      0.0424      0.03414     0.02841
20          0.0362      0.02735     0.02199     0.01829
40          0.0027      0.01849     0.01483     0.01233
100         0.0184      0.01164     0.00932     0.00774
200         0.0142      0.00849     0.00678     0.00562
400         0.0113      0.00660     0.00533     0.00469
1000        0.00841     0.00515     0.00417     0.00388
2000        0.00685     0.00454     0.00366     0.00349
3000        0.00644     0.00433     0.00347     0.00309
4000        0.00572     0.00409     0.00327     0.00270
10000       0.00452     0.00293     0.00234     0.00212
20000       0.00392     0.00243     0.00197     0.00183
40000       0.00343     0.00212     0.00175     0.00164
100000      0.00288     0.00194     0.00155     0.00149
200000      0.00254     0.00186     0.00147     0.00140
400000      0.00229     0.00178     0.00140     0.00132
1000000     0.00200     0.00169     0.00131     0.00122


# data validated 03-08-2017 by Andrea Rovinelli
