            425         704         871         950
10          0.05007     0.02354     0.02015     0.01868
20          0.03621     0.01606     0.01303     0.01166
40          0.02681     0.01156     0.00885     0.00760
100         0.01846     0.00815     0.00582     0.00469
200         0.01421     0.00661     0.00455     0.00350
400         0.01123     0.00558     0.00375     0.00279
1000        0.00842     0.00466     0.00310     0.00223
2000        0.00686     0.00407     0.00278     0.00198
4000        0.00570     0.00331     0.00227     0.00175
10000       0.00453     0.00266     0.00178     0.00131
20000       0.00396     0.00233     0.00155     0.00112
40000       0.00340     0.00207     0.00139     0.00099
100000      0.00289     0.00181     0.00124     0.00088
200000      0.00254     0.00165     0.00115     0.00082
400000      0.00227     0.00151     0.00107     0.00077
1000000     0.00199     0.00135     0.00098     0.00072

# data validated 03-08-2017 by Andrea Rovinelli
