      1     10    30    100   300   1000  3000  10000 30000 100000      300000
375   1.00  1.00  1.00  1.00  1.00  1.00  1.00  1.00  1.00  1.00        1.00
400   1.00  1.00  1.00  1.00  1.00  1.00  1.00  1.00  1.00  1.00        1.00
425   1.00  1.00  1.00  1.00  1.00  1.00  1.00  1.00  1.00  1.00        1.00
450   1.00  1.00  1.00  1.00  1.00  1.00  1.00  1.00  1.00  1.00        1.00
475   1.00  1.00  1.00  1.00  1.00  1.00  1.00  1.00  1.00  1.00        0.98
500   1.00  1.00  1.00  1.00  1.00  1.00  1.00  1.00  1.00  0.97        0.97
525   1.00  1.00  1.00  1.00  1.00  1.00  1.00  1.00  1.00  0.94        0.91
550   1.00  1.00  1.00  1.00  1.00  1.00  1.00  1.00  0.94  0.92        0.89
575   1.00  1.00  1.00  1.00  1.00  1.00  1.00  0.95  0.92  0.88        0.83
600   1.00  1.00  1.00  1.00  1.00  1.00  0.96  0.92  0.89  0.85        0.84
625   1.00  1.00  1.00  1.00  1.00  0.97  0.94  0.90  0.87  0.83        0.81
650   1.00  1.00  1.00  1.00  0.98  0.94  0.91  0.87  0.84  0.81        0.78

# data validated 04-09-2018 by Andrea Rovinelli
