      1     10    30    100   300   1000  3000  10000 30000 100000  300000
425   393   393   393   393   393   393   393   393   354   308     272
450   390   390   390   390   390   390   353   325   287   249     219
475   385   385   385   385   364   340   300   265   232   201     176
500   377   377   363   350   317   284   250   217   188   161     140
525   368   358   328   301   267   236   205   177   153   129     114
550   355   321   285   254   223   195   168   144   124   104     91
575   333   274   241   214   188   161   139   113   100   83      59
600   298   233   205   180   157   134   113   95    80    66      56
625   256   198   175   151   130   111   93    78    64    53      44
650   220   169   147   127   110   92    77    63    52    43      34
675   189   145   125   108   91    75    62    51    42    35      28
700   162   123   106   91    75    63    52    41    34    27      22
725   140   106   91    77    64    53    43    34    28    22      18
750   121   89    77    67    54    44    35    28    23    18      14
775   105   76    66    55    45    36    29    23    18    14      11
800   91    65    56    46    37    29    24    19    14    10      9


# data validated 03-09-2017 by Andrea Rovinelli
