# temp      strain min  strain max  stress min  stress max  list of times
800         0.0         2.2         0.0         207         0,300000
850         0.0         2.2         0.0         207         0,300000
900         0.0         2.2         0.0         207         0,100000,300000
950         0.0         2.2         0.0         207         0,10000,30000,100000,300000
1000        0.0         2.2         0.0         207         0,1000,3000,10000,30000,100000,300000
1050        0.0         2.2         0.0         207         0,100,300,1000,3000,10000,30000,100000,300000
1100        0.0         2.2         0.0         207         0,30,100,300,1000,3000,10000,30000,100000,300000
1150        0.0         2.2         0.0         207         0,3,10,30,100,300,1000,3000,10000,30000,100000,300000
1200        0.0         2.2         0.0         207         0,1,3,10,30,100,300,1000,3000,10000,30000,100000,300000
1250        0.0         2.2         0.0         207         0,1,3,10,30,100,300,1000,3000,10000,30000,100000,300000
1300        0.0         2.2         0.0         207         0,1,3,10,30,100,300,1000,3000,10000,30000,100000,300000
1350        0.0         2.2         0.0         207         0,1,3,10,30,100,300,1000,3000,10000,30000,100000,300000
1400        0.0         2.2         0.0         207         0,1,3,10,30,100,300,1000,3000,10000,30000,100000,300000
