      1     10    30    100   300   1000  3000  10000 30000 100000      300000
425   141   141   141   141   141   141   141   141   141   141         141
450   138   138   138   138   138   138   138   138   138   137         134
475   136   136   135   135   135   134   132   130   129   126         116
500   133   133   132   131   128   125   123   121   117   107         93
525   130   129   127   122   118   115   113   108   100   87          73
550   126   125   121   115   110   107   103   94    82    70          58
575   123   121   116   110   105   100   91    78    66    56          46
600   120   115   109   102   97    88    75    63    54    44          37
625   116   107   101   93    87    74    62    51    43    36          29
650   110   98    92    84    73    61    51    42    35    28          23
675   102   90    83    72    61    51    42    35    28    22          19
700   93    80    71    61    50    42    34    28    23    18          15
725   86    70    61    52    43    35    29    22    18    15          12
750   78    60    52    44    36    29    23    18    15    12          9
775   69    51    44    36    29    24    19    15    12    9           7
800   60    43    37    29    23    18    15    11    9     7           5
