      1     10    30    100   300   1000  3000  10000 30000 100000      300000
425   132   132   132   132   132   132   132   132   132   132         132
450   130   130   130   130   130   130   130   130   130   130         130
475   129   129   129   129   129   129   128   128   128   127         126
500   128   128   128   128   128   128   127   126   126   125         124
525   126   126   126   126   126   125   124   124   122   119         109
550   124   124   124   124   124   123   122   121   113   103         88
575   123   123   123   122   121   120   117   111   96    83          72
600   121   121   120   119   117   114   107   91    79    67          58
625   119   118   116   115   109   102   89    75    64    55          47
650   117   115   112   109   101   85    74    62    53    45          39
675   114   109   105   98    85    72    61    52    44    37          31
700   110   100   94    82    70    59    50    41    35    29          25
725   99    88    82    70    58    49    41    34    29    24          20
750   94    80    69    58    49    40    34    28    24    20          16
