      1     10    30    100   300   1000  3000  10000 30000 100000
425   245   245   245   245   245   245   245   245   245   245
450   245   245   245   245   245   245   245   245   245   245
475   242   242   242   242   242   242   242   242   242   242
500   240   240   240   240   240   240   240   240   240   240
525   238   238   238   238   238   238   238   238   238   238
550   235   235   235   235   235   235   235   235   235   200
575   234   234   234   234   234   234   234   225   192   161
600   233   233   233   233   233   233   218   182   155   130
625   232   232   232   232   232   210   178   148   125   105
650   231   231   231   231   208   173   145   121   102   84
675   231   231   231   205   172   142   119   98    82    67
700   231   231   207   170   142   116   97    79    65    52
725   231   208   173   141   117   95    78    63    51    41
750   231   174   144   117   95    76    62    50    41    33
775   219   146   119   95    77    61    50    40    32    26
800   185   121   98    77    62    49    40    32    26    20
825   156   99    80    63    51    40    32    25    20    16
850   130   82    65    51    41    32    26    20    16    13
875   108   67    53    42    33    26    21    16    13    10
900   90    55    44    34    27    21    16    13    10    8
925   75    45    36    27    22    17    13    10    8     6
950   62    37    29    22    18    13    11    8     6     5
