	1	10	30	100	300	1000	3000	10000	30000	100000
425	5382	4189	3717	3260	2892	2536	2249	1972	1749	1533
450	4508	3477	3071	2681	2368	2066	1825	1592	1406	1226
475	3776	2885	2538	2204	1938	1683	1480	1285	1129	980
500	3162	2394	2096	1812	1586	1371	1200	1037	907	783
525	2647	1986	1731	1489	1298	1116	972	836	728	626
550	2216	1647	1430	1224	1062	908	788	674	584	499
575	1855	1366	1180	1005	868	739	638	543	468	398
600	1552	1132	974	825	710	601	516	437	375	318
625	1299	939	803	677	580	489	418	352	301	253
650	1087	778	663	556	473	397	338	283	241	201
675	909	644	546	456	386	322	273	227	192	160
700	476	475	450	374	315	262	220	183	154	127
725	476	441	371	306	257	212	178	147	123	101
750	461	365	305	251	209	172	143	118	98	80
775	461	302	251	205	171	139	116	94	78	64
800	370	249	207	168	139	113	93	76	56	33
825	309	206	170	137	113	91	75	60	50	33
850	257	170	139	112	92	74	60	48	40	32
875	215	140	115	92	75	60	48	39	31	25
900	179	116	94	75	61	48	39	31	25	20
