      1     10    30    100   300   1000  3000  10000 30000 100000      300000
375   325   325   325   325   325   325   325   325   325   325         325
400   317   317   317   317   317   317   316   316   307   290         275
425   307   307   307   307   307   307   292   276   262   246         232
450   294   294   294   294   279   264   249   234   220   206         193
475   275   275   271   256   241   225   211   197   184   171         160
500   262   249   235   219   205   191   178   165   153   141         131
525   242   214   200   185   172   163   148   136   126   115         106
550   217   182   170   156   144   132   119   111   102   93          85
575   189   154   142   130   119   108   99    90    81    73          66
600   164   126   115   107   97    86    79    71    63    54          48
625   139   106   96    86    78    70    62    54    44    36          30
650   117   87    78    69    62    54    47    36    29    22          17
