# temp      strain min  strain max  stress min  stress max  list of times
700         0.0         3.667       0.0         414         0
750         0.0         3.667       0.0         414         0,10,100,1000,10000,100000,500000
800         0.0         3.667       0.0         414         0,1,10,100,1000,10000,100000,500000
850         0.0         3.667       0.0         414         0,1,10,100,1000,10000,100000,500000
900         0.0         3.667       0.0         414         0,1,10,100,1000,10000,100000,500000
950         0.0         3.667       0.0         414         0,1,10,100,1000,10000,100000,500000
1000        0.0         3.667       0.0         414         0,1,10,100,1000,10000,100000,500000
1050        0.0         3.667       0.0         414         0,1,10,100,1000,10000,100000,500000
1100        0.0         3.667       0.0         414         0,1,10,100,1000,10000,100000,500000
1150        0.0         2.200       0.0         414         0,1,3,10,30,100,300,1000
1200        0.0         2.200       0.0         414         0,1,3,10,30,100,300,1000
