      1     3     10    30    100   300   1000  3000  10000 30000 100000      300000      500000
425   387   387   387   387   387   387   387   387   387   387   374         330         312
450   385   385   385   385   385   385   385   385   385   354   307         270         254
475   384   384   384   384   384   384   384   384   333   292   252         220         207
500   382   382   382   382   382   382   369   321   276   241   207         180         168
525   379   379   379   379   379   361   309   268   229   198   169         146         137
550   352   352   352   352   351   303   258   223   189   163   138         119         111
575   342   342   342   342   297   255   216   185   156   134   113         96          90
600   331   331   331   297   250   214   180   154   129   110   92          78          72
625   317   317   296   252   211   180   150   127   106   90    75          63          58
650   302   302   252   214   178   150   125   105   87    73    61          51          47
675   285   259   215   181   150   126   104   87    72    60    49          41          38
700   264   221   183   153   126   105   86    72    59    49    40          33          30
725   227   189   155   129   106   88    71    59    48    40    32          26          24
750   195   162   132   109   89    73    59    49    39    32    26          21          19
775   167   138   112   92    74    61    49    40    32    26    21          17          15
800   143   118   95    77    62    51    40    33    26    21    17          13          12
825   123   100   80    65    52    42    33    27    21    17    13          11          9.7
850   105   85    68    55    43    35    27    22    17    14    11          8.5         7.6
875   90    72    57    46    36    29    23    18    14    11    8.5         6.7         6.0
900   77    61    48    38    30    24    18    15    11    8.9   6.8         5.3         4.7


# data validated 03-09-2017 by Andrea Rovinelli
