      1     3     10    30    100   300   1000  3000  10000 30000 100000
425   564   564   564   564   564   564   564   564   564   564   564
450   560   560   560   560   560   560   560   560   560   560   560
475   555   555   555   555   555   555   555   555   555   555   555
500   552   552   552   552   552   552   552   552   552   541   462
525   548   548   548   548   548   548   548   548   508   438   372
550   539   539   539   539   539   539   539   488   412   354   299
575   531   531   531   531   531   531   466   398   335   286   241
600   520   520   520   520   520   457   383   325   272   232   194
625   506   506   506   506   446   377   314   266   221   187   156
650   491   491   491   446   369   311   258   217   180   152   126
675   473   473   443   371   306   257   212   177   146   123   101
700   451   451   371   309   254   212   174   145   119   99    81
725   427   380   310   258   210   175   142   118   97    80    65
750   387   320   260   215   174   144   117   97    78    65    53
775   327   269   217   179   144   119   96    79    64    52    42
800   276   226   182   149   120   98    79    64    52    42    34
825   233   190   152   124   99    81    65    53    42    34    27
850   197   160   127   103   82    67    53    43    34    28    22
875   167   135   106   86    68    55    44    35    28    22    18
900   141   113   89    72    56    45    36    29    23    18    14
925   119   95    75    60    47    37    29    23    18    15    12
950   100   80    62    50    39    31    24    19    15    12    9


# data validated 03-09-2017 by Andrea Rovinelli
