	1	10	30	100	300	1000	3000	10000	30000	100000
425	8073	6283	5575	4890	4338	3804	3374	2958	2624	2300
450	6762	5215	4607	4021	3552	3100	2737	2388	2109	1839
475	5663	4328	3806	3306	2907	2525	2220	1927	1694	1470
500	4743	3591	3144	2718	2380	2056	1800	1555	1360	1175
525	3971	2979	2597	2234	1947	1674	1459	1254	1092	938
550	3324	2471	2144	1836	1592	1363	1182	1011	876	749
575	2783	2049	1770	1508	1302	1109	957	814	703	598
600	2329	1699	1461	1238	1064	902	775	656	563	476
625	1948	1408	1205	1016	870	733	627	528	451	380
650	1630	1166	994	834	710	595	507	424	361	302
675	1363	966	819	684	580	483	409	341	289	240
700	1139	800	675	561	473	392	331	274	231	191
725	952	662	556	459	386	318	267	220	184	152
750	796	548	458	376	314	258	215	176	147	120
775	665	453	377	308	256	209	173	141	117	96
800	555	374	310	252	208	169	140	113	94	76
825	463	309	255	206	169	137	112	91	74	60
850	386	255	209	168	138	111	90	73	59	48
875	322	211	172	137	112	89	73	58	47	38
900	268	174	141	112	91	72	58	46	38	30
925	223	143	116	91	74	58	47	37	30	24
950	186	118	95	75	60	47	38	30	24	19
