      10    30    100   300   1000  3000  10000 30000 100000      300000
375   487   487   487   487   487   487   487   487   487         487
400   475   475   475   475   475   475   475   461   435         412
425   459   459   459   459   459   436   412   390   366         345
450   440   440   440   418   396   374   350   329   308         289
475   419   404   385   361   338   317   295   276   257         240
500   374   353   329   307   285   266   247   229   212         196
525   322   301   278   259   239   222   204   189   173         159
550   274   251   234   216   198   178   166   153   139         127
575   231   213   194   179   163   149   135   122   110         99
600   192   176   160   146   132   118   106   94    82          72
625   159   145   130   117   105   94    81    67    53          42
650   130   117   104   93    81    72    54    44    33          25


# data validated 03-09-2017 by Andrea Rovinelli
