# temp      strain min  strain max  stress min  stress max  list of times
700         0.0         2.2         0           689         0
750         0.0         2.2         0           552         0,100000,300000
800         0.0         2.2         0           552         0,100,1000,3000,10000,30000,100000,300000
850         0.0         2.2         0           552         0,10,30,100,300,1000,3000,10000,30000,100000,300000
900         0.0         2.2         0           552         0,1,3,10,30,100,300,1000,3000,10000,30000,100000,300000
950         0.0         2.2         0           552         0,1,3,10,30,100,300,1000,3000,10000,30000,100000,300000
1000        0.0         2.2         0           414         0,1,3,10,30,100,300,1000,3000,10000,30000,100000,300000
1050        0.0         2.2         0           345         0,1,3,10,30,100,300,1000,3000,10000,30000,100000,300000
1100        0.0         2.2         0           345         0,1,3,10,30,100,300,1000,3000,10000,30000,100000,300000
1150        0.0         2.2         0           276         0,0.3,1,3,10,30,100,300,1000,3000,10000,30000,100000,300000
1200        0.0         2.2         0           276         0,1,3,10,30,100,300,1000,3000,10000,30000,100000,300000
